1 110 110
2 16 32
4 110 440
5 10 50
3 10 30
20 10 200
9 10 90
6 10 60
18 10 180
7 10 70
16 10 160
19 10 190
8 10 80
12 10 120
28 10 280
14 10 140
11 10 110
37 10 370
10 10 100
27 10 270
32 10 320
52 10 520
29 10 290
17 10 170
33 10 330
38 10 380
23 10 230
39 10 390
34 10 340
56 10 560
31 10 310
40 10 400
60 10 600
36 10 360
30 10 300
41 10 410
35 10 350
64 10 640
44 10 440
46 10 460
59 10 590
53 10 530
45 10 450
55 10 550
42 10 420
54 10 540
15 10 150
63 10 630
43 10 430
58 10 580
21 10 210
62 10 620
48 10 480
51 10 510
25 10 250
61 10 610
47 10 470
49 10 490
26 10 260
50 10 500
57 10 570
24 10 240
22 10 220
74 10 740
79 10 790
65 10 650
76 10 760
80 10 800
69 10 690
71 10 710
82 10 820
70 10 700
73 10 730
72 10 720
99 10 990
84 10 840
81 10 810
77 10 770
100 10 1000
85 10 850
83 10 830
78 10 780
101 10 1010
87 10 870
75 10 750
89 10 890
68 10 680
115 10 1150
120 10 1200
93 10 930
114 10 1140
67 10 670
13 10 130
122 10 1220
94 10 940
118 10 1180
66 10 660
86 10 860
102 10 1020
91 10 910
97 10 970
128 10 1280
88 10 880
95 10 950
134 10 1340
123 10 1230
133 10 1330
106 10 1060
110 10 1100
90 10 900
105 10 1050
108 10 1080
121 10 1210
124 10 1240
113 10 1130
126 10 1260
117 10 1170
119 10 1190
125 10 1250
96 10 960
116 10 1160
111 10 1110
127 10 1270
129 10 1290
92 10 920
98 10 980
176 10 1760
130 10 1300
158 10 1580
104 10 1040
151 10 1510
131 10 1310
157 10 1570
166 10 1660
132 10 1320
174 10 1740
171 10 1710
150 10 1500
160 10 1600
159 10 1590
149 10 1490
173 10 1730
162 10 1620
152 10 1520
167 10 1670
175 10 1750
103 10 1030
107 10 1070
178 10 1780
165 10 1650
148 10 1480
135 10 1350
136 10 1360
169 10 1690
147 10 1470
170 10 1700
191 10 1910
144 10 1440
161 10 1610
112 10 1120
182 10 1820
180 10 1800
207 10 2070
163 10 1630
138 10 1380
206 10 2060
189 10 1890
192 10 1920
223 10 2230
146 10 1460
190 10 1900
139 10 1390
109 10 1090
224 10 2240
172 10 1720
140 10 1400
225 10 2250
193 10 1930
141 10 1410
194 10 1940
177 10 1770
244 10 2440
142 10 1420
233 10 2330
183 10 1830
143 10 1430
231 10 2310
214 10 2140
197 10 1970
235 10 2350
145 10 1450
226 10 2260
246 10 2460
195 10 1950
187 10 1870
266 10 2660
247 10 2470
236 10 2360
179 10 1790
215 10 2150
196 10 1960
198 10 1980
271 10 2710
227 10 2270
249 10 2490
251 10 2510
272 10 2720
229 10 2290
252 10 2520
273 10 2730
230 10 2300
269 10 2690
274 10 2740
275 10 2750
164 10 1640
168 10 1680
234 10 2340
199 10 1990
201 10 2010
228 10 2280
253 10 2530
270 10 2700
303 10 3030
232 10 2320
240 10 2400
268 10 2680
276 10 2760
248 10 2480
216 10 2160
296 10 2960
202 10 2020
200 10 2000
237 10 2370
306 10 3060
181 10 1810
307 10 3070
267 10 2670
304 10 3040
238 10 2380
241 10 2410
298 10 2980
305 10 3050
322 10 3220
254 10 2540
299 10 2990
137 10 1370
239 10 2390
300 10 3000
256 10 2560
278 10 2780
323 10 3230
301 10 3010
315 10 3150
255 10 2550
297 10 2970
242 10 2420
257 10 2570
308 10 3080
312 10 3120
279 10 2790
316 10 3160
327 10 3270
222 10 2220
318 10 3180
309 10 3090
330 10 3300
262 10 2620
203 10 2030
319 10 3190
263 10 2630
264 10 2640
321 10 3210
317 10 3170
333 10 3330
265 10 2650
326 10 3260
205 10 2050
320 10 3200
250 10 2500
314 10 3140
313 10 3130
280 10 2800
281 10 2810
185 10 1850
184 10 1840
153 10 1530
204 10 2040
260 10 2600
282 10 2820
186 10 1860
154 10 1540
258 10 2580
261 10 2610
156 10 1560
155 10 1550
311 10 3110
284 10 2840
188 10 1880
324 10 3240
209 10 2090
277 10 2770
259 10 2590
208 10 2080
210 10 2100
288 10 2880
325 10 3250
211 10 2110
217 10 2170
283 10 2830
218 10 2180
212 10 2120
290 10 2900
285 10 2850
219 10 2190
291 10 2910
213 10 2130
286 10 2860
334 10 3340
221 10 2210
220 10 2200
328 10 3280
243 10 2430
287 10 2870
293 10 2930
329 10 3290
245 10 2450
302 10 3020
310 10 3100
336 10 3360
292 10 2920
294 10 2940
331 10 3310
337 10 3370
335 10 3350
338 10 3380
339 10 3390
289 10 2890
332 10 3320
295 10 2950
341 10 3410
340 10 3400
343 10 3430
349 10 3490
362 10 3620
351 10 3510
361 10 3610
353 10 3530
367 10 3670
354 10 3540
372 10 3720
357 10 3570
371 10 3710
346 10 3460
373 10 3730
365 10 3650
369 10 3690
378 10 3780
368 10 3680
449 10 4490
387 10 3870
370 10 3700
380 10 3800
413 10 4130
358 10 3580
450 10 4500
446 10 4460
416 10 4160
359 10 3590
484 10 4840
442 10 4420
451 10 4510
360 10 3600
441 10 4410
392 10 3920
418 10 4180
396 10 3960
438 10 4380
432 10 4320
344 10 3440
425 10 4250
423 10 4230
420 10 4200
342 10 3420
452 10 4520
443 10 4430
429 10 4290
415 10 4150
386 10 3860
455 10 4550
485 10 4850
364 10 3640
428 10 4280
434 10 4340
421 10 4210
469 10 4690
436 10 4360
468 10 4680
445 10 4450
437 10 4370
440 10 4400
439 10 4390
375 10 3750
448 10 4480
345 10 3450
374 10 3740
456 10 4560
399 10 3990
347 10 3470
467 10 4670
433 10 4330
348 10 3480
459 10 4590
461 10 4610
457 10 4570
473 10 4730
506 10 5060
447 10 4470
513 10 5130
472 10 4720
355 10 3550
518 10 5180
465 10 4650
517 10 5170
462 10 4620
460 10 4600
526 10 5260
463 10 4630
479 10 4790
534 10 5340
529 10 5290
466 10 4660
487 10 4870
356 10 3560
540 10 5400
458 10 4580
470 10 4700
454 10 4540
366 10 3660
377 10 3770
376 10 3760
397 10 3970
546 10 5460
476 10 4760
379 10 3790
471 10 4710
393 10 3930
389 10 3890
430 10 4300
548 10 5480
482 10 4820
381 10 3810
394 10 3940
390 10 3900
382 10 3820
543 10 5430
453 10 4530
383 10 3830
488 10 4880
477 10 4770
398 10 3980
395 10 3950
384 10 3840
422 10 4220
474 10 4740
385 10 3850
403 10 4030
427 10 4270
405 10 4050
388 10 3880
435 10 4350
480 10 4800
478 10 4780
431 10 4310
408 10 4080
400 10 4000
444 10 4440
391 10 3910
411 10 4110
402 10 4020
401 10 4010
363 10 3630
414 10 4140
464 10 4640
404 10 4040
410 10 4100
426 10 4260
424 10 4240
481 10 4810
406 10 4060
419 10 4190
350 10 3500
417 10 4170
407 10 4070
352 10 3520
412 10 4120
409 10 4090
475 10 4750
509 10 5090
483 10 4830
514 10 5140
489 10 4890
516 10 5160
496 10 4960
498 10 4980
492 10 4920
499 10 4990
507 10 5070
515 10 5150
508 10 5080
500 10 5000
504 10 5040
505 10 5050
554 10 5540
495 10 4950
497 10 4970
563 10 5630
512 10 5120
491 10 4910
520 10 5200
566 10 5660
555 10 5550
510 10 5100
553 10 5530
558 10 5580
493 10 4930
523 10 5230
519 10 5190
524 10 5240
559 10 5590
525 10 5250
503 10 5030
569 10 5690
550 10 5500
501 10 5010
570 10 5700
560 10 5600
564 10 5640
494 10 4940
572 10 5720
561 10 5610
565 10 5650
511 10 5110
574 10 5740
624 10 6240
611 10 6110
573 10 5730
522 10 5220
612 10 6120
576 10 5760
571 10 5710
577 10 5770
575 10 5750
614 10 6140
578 10 5780
568 10 5680
551 10 5510
530 10 5300
527 10 5270
616 10 6160
486 10 4860
618 10 6180
557 10 5570
579 10 5790
610 10 6100
613 10 6130
556 10 5560
580 10 5800
609 10 6090
615 10 6150
617 10 6170
562 10 5620
531 10 5310
655 0 0
528 10 5280
532 10 5320
490 10 4900
656 0 0
657 0 0
521 10 5210
619 10 6190
658 0 0
535 10 5350
502 10 5020
620 10 6200
536 10 5360
622 10 6220
670 0 0
625 10 6250
621 10 6210
672 0 0
626 10 6260
585 10 5850
662 0 0
537 10 5370
674 0 0
663 0 0
586 10 5860
673 0 0
627 10 6270
538 10 5380
533 10 5330
718 0 0
669 0 0
587 10 5870
719 0 0
661 0 0
667 0 0
539 10 5390
659 0 0
588 10 5880
666 0 0
630 0 0
721 0 0
589 10 5890
660 0 0
583 10 5830
717 0 0
730 0 0
671 0 0
712 0 0
541 10 5410
668 0 0
724 0 0
716 0 0
720 0 0
590 10 5900
713 0 0
726 0 0
715 0 0
731 0 0
714 0 0
728 0 0
732 0 0
757 0 0
549 10 5490
733 0 0
592 10 5920
593 10 5930
734 0 0
542 10 5420
749 0 0
735 0 0
544 10 5440
736 0 0
545 10 5450
737 0 0
594 10 5940
748 0 0
738 0 0
547 10 5470
739 0 0
552 10 5520
725 0 0
582 10 5820
584 10 5840
743 0 0
631 0 0
595 10 5950
745 0 0
750 0 0
597 10 5970
746 0 0
632 0 0
581 10 5810
623 10 6230
600 10 6000
747 0 0
741 0 0
744 0 0
729 0 0
740 0 0
665 0 0
664 0 0
591 10 5910
629 0 0
742 0 0
628 10 6280
754 0 0
727 0 0
723 0 0
755 0 0
604 10 6040
693 0 0
695 0 0
756 0 0
688 0 0
694 0 0
722 0 0
751 0 0
607 10 6070
677 0 0
701 0 0
648 0 0
678 0 0
702 0 0
690 0 0
679 0 0
704 0 0
608 10 6080
680 0 0
596 10 5960
691 0 0
681 0 0
633 0 0
689 0 0
682 0 0
634 0 0
683 0 0
645 0 0
705 0 0
603 10 6030
684 0 0
752 0 0
635 0 0
649 0 0
676 0 0
598 10 5980
685 0 0
653 0 0
643 0 0
636 0 0
686 0 0
641 0 0
753 0 0
644 0 0
647 0 0
703 0 0
654 0 0
642 0 0
696 0 0
692 0 0
697 0 0
638 0 0
706 0 0
698 0 0
775 0 0
601 10 6010
651 0 0
639 0 0
699 0 0
602 10 6020
652 0 0
640 0 0
605 10 6050
700 0 0
650 0 0
606 10 6060
707 0 0
567 10 5670
637 0 0
709 0 0
646 0 0
599 10 5990
708 0 0
687 0 0
710 0 0
763 0 0
675 0 0
758 0 0
711 0 0
765 0 0
766 0 0
764 0 0
773 0 0
771 0 0
774 0 0
770 0 0
768 0 0
888 0 0
781 0 0
779 0 0
881 0 0
782 0 0
780 0 0
783 0 0
784 0 0
814 0 0
786 0 0
785 0 0
815 0 0
788 0 0
787 0 0
817 0 0
794 0 0
789 0 0
826 0 0
795 0 0
790 0 0
836 0 0
799 0 0
791 0 0
842 0 0
800 0 0
806 0 0
880 0 0
801 0 0
807 0 0
883 0 0
808 0 0
803 0 0
809 0 0
812 0 0
810 0 0
813 0 0
797 0 0
811 0 0
835 0 0
846 0 0
820 0 0
834 0 0
828 0 0
821 0 0
886 0 0
829 0 0
822 0 0
767 0 0
879 0 0
830 0 0
823 0 0
776 0 0
831 0 0
824 0 0
858 0 0
862 0 0
832 0 0
825 0 0
857 0 0
793 0 0
761 0 0
827 0 0
861 0 0
856 0 0
866 0 0
802 0 0
839 0 0
805 0 0
837 0 0
816 0 0
843 0 0
905 0 0
838 0 0
844 0 0
919 0 0
840 0 0
772 0 0
920 0 0
847 0 0
848 0 0
930 0 0
852 0 0
849 0 0
932 0 0
853 0 0
850 0 0
934 0 0
854 0 0
851 0 0
935 0 0
863 0 0
859 0 0
939 0 0
864 0 0
769 0 0
860 0 0
940 0 0
865 0 0
855 0 0
867 0 0
869 0 0
874 0 0
871 0 0
875 0 0
876 0 0
873 0 0
877 0 0
878 0 0
872 0 0
884 0 0
759 0 0
798 0 0
889 0 0
870 0 0
996 0 0
885 0 0
997 0 0
891 0 0
887 0 0
845 0 0
981 0 0
890 0 0
893 0 0
894 0 0
898 0 0
892 0 0
897 0 0
902 0 0
967 0 0
792 0 0
899 0 0
907 0 0
778 0 0
868 0 0
911 0 0
777 0 0
901 0 0
912 0 0
804 0 0
796 0 0
819 0 0
841 0 0
917 0 0
818 0 0
762 0 0
903 0 0
833 0 0
908 0 0
904 0 0
895 0 0
882 0 0
760 0 0
906 0 0
909 0 0
922 0 0
910 0 0
913 0 0
924 0 0
925 0 0
933 0 0
915 0 0
916 0 0
927 0 0
936 0 0
978 0 0
921 0 0
914 0 0
937 0 0
977 0 0
923 0 0
918 0 0
976 0 0
900 0 0
926 0 0
896 0 0
938 0 0
945 0 0
941 0 0
928 0 0
987 0 0
973 0 0
929 0 0
974 0 0
990 0 0
931 0 0
970 0 0
988 0 0
942 0 0
983 0 0
947 0 0
991 0 0
943 0 0
985 0 0
946 0 0
986 0 0
944 0 0
989 0 0
948 0 0
993 0 0
982 0 0
951 0 0
984 0 0
956 0 0
979 0 0
952 0 0
994 0 0
953 0 0
992 0 0
955 0 0
957 0 0
995 0 0
954 0 0
959 0 0
949 0 0
960 0 0
963 0 0
998 0 0
958 0 0
1000 0 0
961 0 0
950 0 0
968 0 0
962 0 0
966 0 0
971 0 0
969 0 0
965 0 0
964 0 0
972 0 0
999 0 0
980 0 0
975 0 0
