1 110 110
2 16 32
4 110 440
3 10 30
5 10 50
16 10 160
20 10 200
6 10 60
12 10 120
22 10 220
21 10 210
24 10 240
14 10 140
26 10 260
13 10 130
18 10 180
25 10 250
30 10 300
19 10 190
8 10 80
28 10 280
34 10 340
11 10 110
9 10 90
15 10 150
17 10 170
29 10 290
27 10 270
7 10 70
33 10 330
31 10 310
35 10 350
32 10 320
23 10 230
37 10 370
40 10 400
10 10 100
44 10 440
42 10 420
47 10 470
49 10 490
43 10 430
46 10 460
48 10 480
51 10 510
50 10 500
41 10 410
45 10 450
39 10 390
54 10 540
57 10 570
52 10 520
55 10 550
53 10 530
38 10 380
58 10 580
56 10 560
59 10 590
74 10 740
89 10 890
62 10 620
60 10 600
63 10 630
91 10 910
77 10 770
65 10 650
85 10 850
73 10 730
97 10 970
66 10 660
87 10 870
64 10 640
82 10 820
95 10 950
90 10 900
79 10 790
92 10 920
88 10 880
76 10 760
80 10 800
61 10 610
94 10 940
84 10 840
75 10 750
86 10 860
102 10 1020
121 10 1210
71 10 710
96 10 960
111 10 1110
36 10 360
123 10 1230
78 10 780
103 10 1030
72 10 720
81 10 810
107 10 1070
98 10 980
135 10 1350
93 10 930
106 10 1060
99 10 990
138 10 1380
83 10 830
100 10 1000
108 10 1080
139 10 1390
119 10 1190
110 10 1100
124 10 1240
116 10 1160
105 10 1050
118 10 1180
70 10 700
117 10 1170
128 10 1280
122 10 1220
130 10 1300
129 10 1290
126 10 1260
131 10 1310
109 10 1090
120 10 1200
132 10 1320
104 10 1040
125 10 1250
136 10 1360
113 10 1130
112 10 1120
154 10 1540
133 10 1330
143 10 1430
127 10 1270
158 10 1580
134 10 1340
148 10 1480
151 10 1510
162 10 1620
167 10 1670
155 10 1550
114 10 1140
157 10 1570
169 10 1690
159 10 1590
142 10 1420
163 10 1630
161 10 1610
165 10 1650
150 10 1500
197 10 1970
153 10 1530
152 10 1520
137 10 1370
178 10 1780
199 10 1990
160 10 1600
204 10 2040
177 10 1770
180 10 1800
205 10 2050
140 10 1400
146 10 1460
115 10 1150
179 10 1790
172 10 1720
168 10 1680
141 10 1410
173 10 1730
156 10 1560
170 10 1700
181 10 1810
183 10 1830
171 10 1710
182 10 1820
207 10 2070
184 10 1840
166 10 1660
185 10 1850
210 10 2100
198 10 1980
187 10 1870
176 10 1760
215 10 2150
188 10 1880
186 10 1860
101 10 1010
214 10 2140
144 10 1440
174 10 1740
216 10 2160
191 10 1910
164 10 1640
208 10 2080
217 10 2170
193 10 1930
212 10 2120
189 10 1890
194 10 1940
233 10 2330
218 10 2180
67 10 670
234 10 2340
68 10 680
222 10 2220
250 10 2500
190 10 1900
223 10 2230
244 10 2440
251 10 2510
219 10 2190
224 10 2240
247 10 2470
209 10 2090
220 10 2200
264 10 2640
267 10 2670
266 10 2660
258 10 2580
246 10 2460
270 10 2700
263 10 2630
260 10 2600
256 10 2560
225 10 2250
271 10 2710
255 10 2550
269 10 2690
273 10 2730
268 10 2680
211 10 2110
278 10 2780
274 10 2740
213 10 2130
265 10 2650
272 10 2720
282 10 2820
307 10 3070
279 10 2790
277 10 2770
283 10 2830
297 10 2970
281 10 2810
276 10 2760
275 10 2750
262 10 2620
280 10 2800
299 10 2990
192 10 1920
232 10 2320
200 10 2000
300 10 3000
252 10 2520
286 10 2860
231 10 2310
221 10 2210
227 10 2270
288 10 2880
259 10 2590
296 10 2960
284 10 2840
253 10 2530
249 10 2490
295 10 2950
201 10 2010
195 10 1950
298 10 2980
301 10 3010
248 10 2480
254 10 2540
196 10 1960
311 10 3110
303 10 3030
202 10 2020
315 10 3150
314 10 3140
285 10 2850
304 10 3040
313 10 3130
308 10 3080
203 10 2030
290 10 2900
294 10 2940
310 10 3100
287 10 2870
305 10 3050
348 10 3480
228 10 2280
317 10 3170
245 10 2450
291 10 2910
309 10 3090
261 10 2610
312 10 3120
355 10 3550
289 10 2890
69 10 690
354 10 3540
319 10 3190
229 10 2290
356 10 3560
320 10 3200
322 10 3220
175 10 1750
359 10 3590
230 10 2300
235 10 2350
358 10 3580
241 10 2410
335 10 3350
351 10 3510
306 10 3060
321 10 3210
149 10 1490
293 10 2930
429 10 4290
242 10 2420
353 10 3530
430 10 4300
336 10 3360
338 10 3380
469 10 4690
428 10 4280
339 10 3390
488 10 4880
337 10 3370
527 10 5270
147 10 1470
475 10 4750
498 10 4980
499 10 4990
483 10 4830
497 10 4970
500 10 5000
477 10 4770
431 10 4310
434 10 4340
330 10 3300
471 10 4710
372 10 3720
340 10 3400
473 10 4730
341 10 3410
502 10 5020
491 10 4910
323 10 3230
501 10 5010
226 10 2260
432 10 4320
357 10 3570
388 10 3880
324 10 3240
236 10 2360
362 10 3620
389 10 3890
435 10 4350
392 10 3920
531 10 5310
237 10 2370
363 10 3630
393 10 3930
397 10 3970
364 10 3640
387 10 3870
411 10 4110
342 10 3420
533 10 5330
394 10 3940
398 10 3980
365 10 3650
360 10 3600
386 10 3860
395 10 3950
390 10 3900
316 10 3160
399 10 3990
535 10 5350
366 10 3660
396 10 3960
361 10 3610
385 10 3850
400 10 4000
405 10 4050
367 10 3670
412 10 4120
529 10 5290
540 10 5400
401 10 4010
406 10 4060
368 10 3680
413 10 4130
402 10 4020
407 10 4070
419 10 4190
403 10 4030
503 10 5030
370 10 3700
408 10 4080
404 10 4040
424 10 4240
532 10 5320
409 10 4090
410 10 4100
421 10 4210
206 10 2060
349 10 3490
238 10 2380
417 10 4170
369 10 3690
326 10 3260
325 10 3250
415 10 4150
292 10 2920
418 10 4180
327 10 3270
425 10 4250
328 10 3280
318 10 3180
648 0 0
422 10 4220
384 10 3840
329 10 3290
530 10 5300
420 10 4200
433 10 4330
602 10 6020
257 10 2570
693 0 0
534 10 5340
647 0 0
536 10 5360
541 10 5410
698 0 0
538 10 5380
546 10 5460
700 0 0
542 10 5420
548 10 5480
701 0 0
539 10 5390
553 10 5530
699 0 0
537 10 5370
552 10 5520
733 0 0
610 10 6100
544 10 5440
547 10 5470
611 10 6110
375 10 3750
554 10 5540
545 10 5450
504 10 5040
738 0 0
612 10 6120
652 0 0
543 10 5430
616 10 6160
740 0 0
655 0 0
371 10 3710
741 0 0
629 0 0
660 0 0
557 10 5570
630 0 0
737 0 0
562 10 5620
663 0 0
651 0 0
302 10 3020
631 0 0
742 0 0
560 10 5600
654 0 0
743 0 0
563 10 5630
690 0 0
343 10 3430
656 0 0
736 0 0
739 0 0
650 0 0
691 0 0
735 0 0
505 10 5050
666 0 0
702 0 0
734 0 0
670 0 0
704 0 0
677 0 0
706 0 0
679 0 0
705 0 0
692 0 0
703 0 0
696 0 0
746 0 0
678 0 0
653 0 0
680 0 0
745 0 0
695 0 0
711 0 0
671 0 0
344 10 3440
641 0 0
550 10 5500
694 0 0
644 0 0
555 10 5550
659 0 0
559 10 5590
662 0 0
549 10 5490
665 0 0
667 0 0
672 0 0
551 10 5510
674 0 0
558 10 5580
948 0 0
676 0 0
682 0 0
985 0 0
561 10 5610
747 0 0
565 10 5650
681 0 0
683 0 0
685 0 0
952 0 0
708 0 0
687 0 0
951 0 0
710 0 0
664 0 0
331 10 3310
243 10 2430
564 10 5640
657 0 0
376 10 3760
416 10 4160
686 0 0
1000 0 0
606 10 6060
675 0 0
456 10 4560
614 10 6140
608 10 6080
457 10 4570
709 0 0
668 0 0
607 10 6070
661 0 0
458 10 4580
949 0 0
605 10 6050
673 0 0
459 10 4590
707 0 0
604 10 6040
461 10 4610
620 10 6200
618 10 6180
622 10 6220
684 0 0
463 10 4630
626 10 6260
688 0 0
465 10 4650
615 10 6150
619 10 6190
621 10 6210
466 10 4660
712 0 0
632 0 0
617 10 6170
468 10 4680
637 0 0
567 10 5670
470 10 4700
640 0 0
436 10 4360
472 10 4720
643 0 0
624 10 6240
474 10 4740
907 0 0
628 10 6280
909 0 0
634 0 0
476 10 4760
911 0 0
609 10 6090
478 10 4780
920 0 0
633 0 0
556 10 5560
479 10 4790
923 0 0
623 10 6230
481 10 4810
925 0 0
635 0 0
352 10 3520
625 10 6250
373 10 3730
598 10 5980
636 0 0
906 0 0
482 10 4820
924 0 0
913 0 0
600 10 6000
484 10 4840
748 0 0
915 0 0
908 0 0
917 0 0
489 10 4890
935 0 0
492 10 4920
919 0 0
937 0 0
493 10 4930
926 0 0
350 10 3500
939 0 0
928 0 0
464 10 4640
922 0 0
601 10 6010
642 0 0
462 10 4620
905 0 0
467 10 4670
460 10 4600
239 10 2390
333 10 3330
414 10 4140
941 0 0
332 10 3320
382 10 3820
480 10 4800
423 10 4230
938 0 0
726 0 0
936 0 0
947 0 0
934 0 0
727 0 0
627 10 6270
997 0 0
439 10 4390
697 0 0
645 0 0
639 0 0
916 0 0
715 0 0
764 0 0
240 10 2400
383 10 3830
910 0 0
929 0 0
613 10 6130
566 10 5660
912 0 0
995 0 0
377 10 3770
921 0 0
998 0 0
918 0 0
599 10 5990
334 10 3340
638 0 0
346 10 3460
714 0 0
658 0 0
374 10 3740
506 10 5060
345 10 3450
878 0 0
378 10 3780
914 0 0
379 10 3790
880 0 0
646 0 0
391 10 3910
882 0 0
380 10 3800
927 0 0
889 0 0
930 0 0
437 10 4370
438 10 4380
893 0 0
874 0 0
895 0 0
443 10 4430
713 0 0
897 0 0
442 10 4420
444 10 4440
877 0 0
873 0 0
884 0 0
449 10 4490
448 10 4480
890 0 0
886 0 0
888 0 0
875 0 0
450 10 4500
145 10 1450
881 0 0
887 0 0
894 0 0
381 10 3810
883 0 0
347 10 3470
879 0 0
891 0 0
451 10 4510
896 0 0
716 0 0
898 0 0
749 0 0
900 0 0
568 10 5680
649 0 0
440 10 4400
876 0 0
575 10 5750
899 0 0
507 10 5070
578 10 5780
885 0 0
455 10 4550
580 10 5800
872 0 0
496 10 4960
583 10 5830
901 0 0
581 10 5810
427 10 4270
838 0 0
892 0 0
586 10 5860
932 0 0
588 10 5880
495 10 4950
945 0 0
796 0 0
750 0 0
508 10 5080
582 10 5820
931 0 0
797 0 0
510 10 5100
837 0 0
794 0 0
512 10 5120
593 10 5930
840 0 0
590 10 5900
517 10 5170
839 0 0
594 10 5940
795 0 0
518 10 5180
596 10 5960
585 10 5850
793 0 0
810 0 0
519 10 5190
441 10 4410
812 0 0
521 10 5210
587 10 5870
814 0 0
805 0 0
591 10 5910
574 10 5740
806 0 0
576 10 5760
809 0 0
584 10 5840
808 0 0
577 10 5770
595 10 5950
944 0 0
589 10 5890
813 0 0
572 10 5720
807 0 0
592 10 5920
569 10 5690
597 10 5970
811 0 0
815 0 0
751 0 0
798 0 0
525 10 5250
954 0 0
942 0 0
526 10 5260
752 0 0
799 0 0
603 10 6030
522 10 5220
570 10 5700
816 0 0
509 10 5090
753 0 0
717 0 0
718 0 0
782 0 0
818 0 0
689 0 0
719 0 0
800 0 0
783 0 0
724 0 0
730 0 0
801 0 0
817 0 0
720 0 0
721 0 0
946 0 0
571 10 5710
732 0 0
731 0 0
955 0 0
956 0 0
722 0 0
723 0 0
511 10 5110
754 0 0
744 0 0
725 0 0
784 0 0
802 0 0
755 0 0
756 0 0
849 0 0
957 0 0
729 0 0
426 10 4260
850 0 0
728 0 0
819 0 0
958 0 0
757 0 0
445 10 4450
513 10 5130
765 0 0
785 0 0
851 0 0
758 0 0
943 0 0
959 0 0
820 0 0
766 0 0
446 10 4460
852 0 0
759 0 0
579 10 5790
786 0 0
960 0 0
760 0 0
821 0 0
515 10 5150
767 0 0
447 10 4470
933 0 0
788 0 0
669 0 0
768 0 0
787 0 0
824 0 0
761 0 0
822 0 0
516 10 5160
781 0 0
762 0 0
825 0 0
853 0 0
856 0 0
763 0 0
823 0 0
826 0 0
961 0 0
769 0 0
964 0 0
854 0 0
773 0 0
857 0 0
962 0 0
770 0 0
827 0 0
774 0 0
963 0 0
858 0 0
771 0 0
828 0 0
452 10 4520
940 0 0
775 0 0
966 0 0
776 0 0
453 10 4530
520 10 5200
778 0 0
772 0 0
965 0 0
859 0 0
779 0 0
454 10 4540
780 0 0
967 0 0
777 0 0
829 0 0
490 10 4900
789 0 0
790 0 0
860 0 0
487 10 4870
792 0 0
804 0 0
485 10 4850
791 0 0
486 10 4860
803 0 0
494 10 4940
831 0 0
832 0 0
970 0 0
830 0 0
834 0 0
971 0 0
523 10 5230
833 0 0
842 0 0
972 0 0
524 10 5240
514 10 5140
844 0 0
843 0 0
855 0 0
835 0 0
975 0 0
845 0 0
862 0 0
976 0 0
865 0 0
980 0 0
969 0 0
977 0 0
841 0 0
836 0 0
861 0 0
982 0 0
846 0 0
968 0 0
847 0 0
978 0 0
983 0 0
867 0 0
866 0 0
999 0 0
973 0 0
974 0 0
981 0 0
848 0 0
863 0 0
986 0 0
984 0 0
864 0 0
979 0 0
869 0 0
868 0 0
903 0 0
990 0 0
994 0 0
871 0 0
870 0 0
953 0 0
996 0 0
991 0 0
992 0 0
902 0 0
993 0 0
950 0 0
528 10 5280
904 0 0
989 0 0
987 0 0
573 10 5730
988 0 0
