1 110 110
2 16 32
4 110 440
14 10 140
3 10 30
17 10 170
15 10 150
20 10 200
18 10 180
19 10 190
23 10 230
9 10 90
16 10 160
34 10 340
21 10 210
37 10 370
35 10 350
31 10 310
12 10 120
13 10 130
39 10 390
24 10 240
32 10 320
28 10 280
43 10 430
25 10 250
33 10 330
29 10 290
42 10 420
26 10 260
38 10 380
36 10 360
30 10 300
47 10 470
45 10 450
10 10 100
61 10 610
8 10 80
49 10 490
6 10 60
11 10 110
27 10 270
40 10 400
22 10 220
7 10 70
50 10 500
46 10 460
63 10 630
52 10 520
58 10 580
54 10 540
60 10 600
64 10 640
44 10 440
77 10 770
55 10 550
62 10 620
68 10 680
59 10 590
56 10 560
66 10 660
65 10 650
48 10 480
69 10 690
74 10 740
70 10 700
76 10 760
67 10 670
73 10 730
71 10 710
78 10 780
79 10 790
75 10 750
41 10 410
72 10 720
5 10 50
80 10 800
57 10 570
83 10 830
53 10 530
81 10 810
84 10 840
91 10 910
82 10 820
51 10 510
89 10 890
92 10 920
98 10 980
94 10 940
107 10 1070
110 10 1100
106 10 1060
105 10 1050
111 10 1110
114 10 1140
109 10 1090
113 10 1130
108 10 1080
120 10 1200
148 10 1480
147 10 1470
121 10 1210
112 10 1120
95 10 950
151 10 1510
88 10 880
116 10 1160
122 10 1220
152 10 1520
125 10 1250
123 10 1230
119 10 1190
90 10 900
126 10 1260
117 10 1170
203 10 2030
128 10 1280
97 10 970
157 10 1570
129 10 1290
127 10 1270
118 10 1180
86 10 860
124 10 1240
154 10 1540
158 10 1580
150 10 1500
155 10 1550
145 10 1450
153 10 1530
135 10 1350
156 10 1560
149 10 1490
215 10 2150
137 10 1370
130 10 1300
197 10 1970
188 10 1880
139 10 1390
131 10 1310
196 10 1960
193 10 1930
93 10 930
133 10 1330
132 10 1320
96 10 960
189 10 1890
138 10 1380
210 10 2100
195 10 1950
159 10 1590
136 10 1360
140 10 1400
227 10 2270
205 10 2050
199 10 1990
142 10 1420
201 10 2010
162 10 1620
206 10 2060
143 10 1430
202 10 2020
141 10 1410
228 10 2280
207 10 2070
174 10 1740
229 10 2290
208 10 2080
235 10 2350
175 10 1750
166 10 1660
216 10 2160
236 10 2360
211 10 2110
176 10 1760
230 10 2300
217 10 2170
240 10 2400
242 10 2420
164 10 1640
167 10 1670
219 10 2190
241 10 2410
184 10 1840
233 10 2330
198 10 1980
225 10 2250
134 10 1340
177 10 1770
186 10 1860
200 10 2000
204 10 2040
115 10 1150
161 10 1610
172 10 1720
179 10 1790
85 10 850
221 10 2210
173 10 1730
180 10 1800
243 10 2430
187 10 1870
168 10 1680
212 10 2120
231 10 2310
160 10 1600
165 10 1650
169 10 1690
163 10 1630
232 10 2320
237 10 2370
170 10 1700
257 10 2570
181 10 1810
238 10 2380
244 10 2440
213 10 2130
194 10 1940
249 10 2490
250 10 2500
209 10 2090
239 10 2390
245 10 2450
248 10 2480
178 10 1780
226 10 2260
246 10 2460
218 10 2180
183 10 1830
255 10 2550
251 10 2510
220 10 2200
185 10 1850
253 10 2530
252 10 2520
214 10 2140
234 10 2340
223 10 2230
171 10 1710
224 10 2240
190 10 1900
281 10 2810
254 10 2540
192 10 1920
258 10 2580
222 10 2220
256 10 2560
284 10 2840
182 10 1820
247 10 2470
280 10 2800
259 10 2590
263 10 2630
262 10 2620
269 10 2690
267 10 2670
266 10 2660
270 10 2700
272 10 2720
261 10 2610
264 10 2640
273 10 2730
277 10 2770
271 10 2710
275 10 2750
316 10 3160
320 10 3200
274 10 2740
318 10 3180
332 10 3320
356 10 3560
276 10 2760
322 10 3220
334 10 3340
324 10 3240
313 10 3130
336 10 3360
333 10 3330
326 10 3260
338 10 3380
346 10 3460
358 10 3580
328 10 3280
317 10 3170
348 10 3480
323 10 3230
329 10 3290
350 10 3500
340 10 3400
315 10 3150
352 10 3520
341 10 3410
357 10 3570
321 10 3210
349 10 3490
343 10 3430
405 10 4050
337 10 3370
347 10 3470
359 10 3590
327 10 3270
335 10 3350
265 10 2650
345 10 3450
361 10 3610
325 10 3250
353 10 3530
146 10 1460
339 10 3390
403 10 4030
360 10 3600
409 10 4090
342 10 3420
413 10 4130
279 10 2790
410 10 4100
355 10 3550
87 10 870
100 10 1000
354 10 3540
415 10 4150
191 10 1910
278 10 2780
330 10 3300
268 10 2680
362 10 3620
411 10 4110
416 10 4160
344 10 3440
319 10 3190
99 10 990
291 10 2910
101 10 1010
418 10 4180
408 10 4080
292 10 2920
412 10 4120
419 10 4190
407 10 4070
293 10 2930
331 10 3310
363 10 3630
404 10 4040
294 10 2940
414 10 4140
417 10 4170
104 10 1040
421 10 4210
380 10 3800
401 10 4010
364 10 3640
402 10 4020
422 10 4220
381 10 3810
424 10 4240
442 10 4420
382 10 3820
365 10 3650
443 10 4430
260 10 2600
383 10 3830
282 10 2820
445 10 4450
425 10 4250
305 10 3050
103 10 1030
447 10 4470
366 10 3660
351 10 3510
448 10 4480
451 10 4510
368 10 3680
426 10 4260
453 10 4530
283 10 2830
452 10 4520
427 10 4270
446 10 4460
369 10 3690
307 10 3070
285 10 2850
444 10 4440
370 10 3700
308 10 3080
286 10 2860
367 10 3670
450 10 4500
394 10 3940
287 10 2870
428 10 4280
395 10 3950
288 10 2880
429 10 4290
396 10 3960
371 10 3710
431 10 4310
493 10 4930
430 10 4300
372 10 3720
494 10 4940
456 10 4560
485 10 4850
457 10 4570
496 10 4960
289 10 2890
514 10 5140
498 10 4980
503 10 5030
518 10 5180
373 10 3730
495 10 4950
504 10 5040
524 10 5240
290 10 2900
497 10 4970
505 10 5050
144 10 1440
526 10 5260
398 10 3980
501 10 5010
433 10 4330
502 10 5020
507 10 5070
525 10 5250
374 10 3740
500 10 5000
508 10 5080
527 10 5270
511 10 5110
509 10 5090
516 10 5160
454 10 4540
513 10 5130
449 10 4490
519 10 5190
499 10 4990
512 10 5120
550 10 5500
458 10 4580
489 10 4890
510 10 5100
549 10 5490
434 10 4340
520 10 5200
102 10 1020
533 10 5330
522 10 5220
548 10 5480
551 10 5510
528 10 5280
530 10 5300
534 10 5340
521 10 5210
552 10 5520
459 10 4590
487 10 4870
544 10 5440
515 10 5150
535 10 5350
435 10 4350
423 10 4230
546 10 5460
523 10 5230
553 10 5530
529 10 5290
568 10 5680
555 10 5550
436 10 4360
531 10 5310
545 10 5450
574 10 5740
379 10 3790
532 10 5320
570 10 5700
556 10 5560
461 10 4610
569 10 5690
432 10 4320
539 10 5390
437 10 4370
460 10 4600
540 10 5400
572 10 5720
377 10 3770
617 10 6170
573 10 5730
438 10 4380
625 10 6250
439 10 4390
620 10 6200
462 10 4620
463 10 4630
621 10 6210
622 10 6220
536 10 5360
613 10 6130
618 10 6180
629 0 0
440 10 4400
627 10 6270
616 10 6160
296 10 2960
630 0 0
624 10 6240
554 10 5540
464 10 4640
297 10 2970
623 10 6230
537 10 5370
658 0 0
681 0 0
441 10 4410
576 10 5760
375 10 3750
682 0 0
465 10 4650
650 0 0
298 10 2980
679 0 0
538 10 5380
651 0 0
558 10 5580
563 10 5630
631 0 0
652 0 0
299 10 2990
686 0 0
659 0 0
649 0 0
577 10 5770
565 10 5650
517 10 5170
660 0 0
654 0 0
688 0 0
678 0 0
557 10 5570
619 10 6190
653 0 0
589 10 5890
655 0 0
559 10 5590
683 0 0
591 10 5910
656 0 0
626 10 6260
300 10 3000
386 10 3860
506 10 5060
648 0 0
632 0 0
560 10 5600
676 0 0
663 0 0
684 0 0
593 10 5930
614 10 6140
387 10 3870
661 0 0
695 0 0
541 10 5410
578 10 5780
696 0 0
469 10 4690
467 10 4670
697 0 0
384 10 3840
561 10 5610
547 10 5470
597 10 5970
685 0 0
592 10 5920
664 0 0
662 0 0
745 0 0
601 10 6010
581 10 5810
378 10 3780
579 10 5790
703 0 0
746 0 0
376 10 3760
543 10 5430
602 10 6020
385 10 3850
744 0 0
389 10 3890
314 10 3140
301 10 3010
471 10 4710
781 0 0
468 10 4680
665 0 0
782 0 0
634 0 0
743 0 0
636 0 0
784 0 0
580 10 5800
742 0 0
582 10 5820
785 0 0
302 10 3020
741 0 0
786 0 0
635 0 0
637 0 0
677 0 0
687 0 0
666 0 0
787 0 0
303 10 3030
472 10 4720
491 10 4910
562 10 5620
583 10 5830
778 0 0
492 10 4920
304 10 3040
748 0 0
740 0 0
490 10 4900
388 10 3880
473 10 4730
739 0 0
689 0 0
809 0 0
638 0 0
633 0 0
790 0 0
812 0 0
584 10 5840
564 10 5640
716 0 0
667 0 0
791 0 0
420 10 4200
815 0 0
295 10 2950
783 0 0
811 0 0
722 0 0
718 0 0
306 10 3060
724 0 0
720 0 0
750 0 0
813 0 0
726 0 0
488 10 4880
690 0 0
717 0 0
466 10 4660
725 0 0
804 0 0
455 10 4550
810 0 0
723 0 0
805 0 0
585 10 5850
727 0 0
806 0 0
729 0 0
668 0 0
863 0 0
391 10 3910
889 0 0
639 0 0
860 0 0
566 10 5660
891 0 0
749 0 0
669 0 0
857 0 0
864 0 0
728 0 0
586 10 5860
892 0 0
855 0 0
691 0 0
392 10 3920
890 0 0
640 0 0
894 0 0
915 0 0
470 10 4700
893 0 0
914 0 0
788 0 0
887 0 0
475 10 4750
680 0 0
780 0 0
567 10 5670
641 0 0
779 0 0
670 0 0
865 0 0
789 0 0
922 0 0
587 10 5870
916 0 0
309 10 3090
923 0 0
575 10 5750
731 0 0
896 0 0
393 10 3930
835 0 0
693 0 0
920 0 0
895 0 0
921 0 0
949 0 0
730 0 0
476 10 4760
615 10 6150
642 0 0
816 0 0
836 0 0
919 0 0
477 10 4770
946 0 0
950 0 0
943 0 0
945 0 0
948 0 0
966 0 0
694 0 0
671 0 0
965 0 0
964 0 0
947 0 0
967 0 0
754 0 0
917 0 0
867 0 0
918 0 0
672 0 0
643 0 0
988 0 0
899 0 0
817 0 0
311 10 3110
814 0 0
989 0 0
542 10 5420
866 0 0
733 0 0
993 0 0
673 0 0
868 0 0
755 0 0
486 10 4860
792 0 0
992 0 0
478 10 4780
849 0 0
951 0 0
990 0 0
897 0 0
850 0 0
590 10 5900
991 0 0
644 0 0
851 0 0
312 10 3120
994 0 0
734 0 0
854 0 0
995 0 0
856 0 0
753 0 0
756 0 0
900 0 0
858 0 0
793 0 0
479 10 4790
969 0 0
859 0 0
952 0 0
898 0 0
869 0 0
861 0 0
399 10 3990
795 0 0
987 0 0
862 0 0
735 0 0
481 10 4810
970 0 0
870 0 0
674 0 0
818 0 0
971 0 0
871 0 0
953 0 0
645 0 0
972 0 0
872 0 0
698 0 0
397 10 3970
986 0 0
873 0 0
480 10 4800
482 10 4820
874 0 0
960 0 0
757 0 0
925 0 0
875 0 0
962 0 0
736 0 0
886 0 0
796 0 0
935 0 0
474 10 4740
888 0 0
675 0 0
936 0 0
954 0 0
913 0 0
758 0 0
963 0 0
699 0 0
937 0 0
732 0 0
646 0 0
981 0 0
938 0 0
820 0 0
797 0 0
985 0 0
939 0 0
700 0 0
821 0 0
984 0 0
983 0 0
737 0 0
571 10 5710
594 10 5940
759 0 0
595 10 5950
596 10 5960
927 0 0
901 0 0
483 10 4830
484 10 4840
701 0 0
647 0 0
599 10 5990
598 10 5980
738 0 0
997 0 0
603 10 6030
973 0 0
604 10 6040
692 0 0
760 0 0
390 10 3900
600 10 6000
605 10 6050
822 0 0
798 0 0
606 10 6060
752 0 0
608 10 6080
955 0 0
609 10 6090
702 0 0
610 10 6100
926 0 0
607 10 6070
406 10 4060
902 0 0
611 10 6110
612 10 6120
999 0 0
761 0 0
628 10 6280
657 0 0
799 0 0
956 0 0
705 0 0
704 0 0
905 0 0
751 0 0
998 0 0
709 0 0
707 0 0
930 0 0
823 0 0
588 10 5880
708 0 0
824 0 0
706 0 0
721 0 0
762 0 0
903 0 0
747 0 0
763 0 0
906 0 0
957 0 0
710 0 0
931 0 0
928 0 0
764 0 0
765 0 0
801 0 0
711 0 0
907 0 0
712 0 0
904 0 0
977 0 0
767 0 0
768 0 0
310 10 3100
975 0 0
713 0 0
714 0 0
932 0 0
958 0 0
769 0 0
715 0 0
908 0 0
1000 0 0
719 0 0
766 0 0
978 0 0
929 0 0
819 0 0
770 0 0
776 0 0
802 0 0
827 0 0
771 0 0
777 0 0
800 0 0
909 0 0
772 0 0
773 0 0
959 0 0
979 0 0
807 0 0
808 0 0
976 0 0
934 0 0
774 0 0
775 0 0
826 0 0
980 0 0
831 0 0
803 0 0
832 0 0
910 0 0
829 0 0
961 0 0
830 0 0
828 0 0
794 0 0
825 0 0
833 0 0
968 0 0
834 0 0
400 10 4000
933 0 0
840 0 0
837 0 0
974 0 0
911 0 0
838 0 0
845 0 0
880 0 0
876 0 0
839 0 0
841 0 0
912 0 0
941 0 0
846 0 0
847 0 0
942 0 0
878 0 0
848 0 0
842 0 0
882 0 0
879 0 0
843 0 0
844 0 0
883 0 0
940 0 0
852 0 0
853 0 0
885 0 0
881 0 0
982 0 0
877 0 0
944 0 0
924 0 0
884 0 0
996 0 0
