1 110 110
2 16 32
4 110 440
6 10 60
3 10 30
19 10 190
39 10 390
5 10 50
18 10 180
7 10 70
15 10 150
82 10 820
27 10 270
16 10 160
24 10 240
21 10 210
29 10 290
22 10 220
25 10 250
23 10 230
17 10 170
31 10 310
85 10 850
63 10 630
14 10 140
47 10 470
28 10 280
20 10 200
11 10 110
32 10 320
30 10 300
13 10 130
12 10 120
34 10 340
33 10 330
10 10 100
9 10 90
36 10 360
87 10 870
35 10 350
64 10 640
8 10 80
42 10 420
38 10 380
53 10 530
73 10 730
37 10 370
54 10 540
57 10 570
43 10 430
40 10 400
44 10 440
41 10 410
46 10 460
26 10 260
45 10 450
61 10 610
65 10 650
51 10 510
88 10 880
67 10 670
74 10 740
58 10 580
75 10 750
92 10 920
55 10 550
59 10 590
98 10 980
66 10 660
50 10 500
91 10 910
68 10 680
81 10 810
69 10 690
56 10 560
60 10 600
70 10 700
77 10 770
71 10 710
104 10 1040
97 10 970
96 10 960
72 10 720
106 10 1060
111 10 1110
49 10 490
107 10 1070
113 10 1130
79 10 790
123 10 1230
108 10 1080
80 10 800
76 10 760
126 10 1260
78 10 780
130 10 1300
110 10 1100
95 10 950
140 10 1400
112 10 1120
94 10 940
105 10 1050
119 10 1190
101 10 1010
120 10 1200
109 10 1090
121 10 1210
100 10 1000
129 10 1290
103 10 1030
89 10 890
128 10 1280
114 10 1140
102 10 1020
115 10 1150
116 10 1160
84 10 840
48 10 480
142 10 1420
86 10 860
83 10 830
62 10 620
132 10 1320
134 10 1340
99 10 990
154 10 1540
52 10 520
135 10 1350
157 10 1570
133 10 1330
159 10 1590
151 10 1510
152 10 1520
131 10 1310
153 10 1530
162 10 1620
136 10 1360
155 10 1550
163 10 1630
90 10 900
156 10 1560
165 10 1650
150 10 1500
138 10 1380
158 10 1580
168 10 1680
139 10 1390
145 10 1450
170 10 1700
143 10 1430
160 10 1600
171 10 1710
144 10 1440
169 10 1690
149 10 1490
117 10 1170
161 10 1610
166 10 1660
118 10 1180
93 10 930
137 10 1370
164 10 1640
173 10 1730
141 10 1410
122 10 1220
177 10 1770
127 10 1270
174 10 1740
124 10 1240
181 10 1810
125 10 1250
190 10 1900
219 10 2190
175 10 1750
146 10 1460
184 10 1840
147 10 1470
182 10 1820
172 10 1720
186 10 1860
183 10 1830
185 10 1850
188 10 1880
223 10 2230
179 10 1790
222 10 2220
180 10 1800
224 10 2240
148 10 1480
225 10 2250
196 10 1960
226 10 2260
227 10 2270
192 10 1920
210 10 2100
233 10 2330
232 10 2320
212 10 2120
228 10 2280
207 10 2070
229 10 2290
198 10 1980
230 10 2300
231 10 2310
200 10 2000
234 10 2340
201 10 2010
215 10 2150
203 10 2030
213 10 2130
194 10 1940
211 10 2110
195 10 1950
204 10 2040
199 10 1990
218 10 2180
202 10 2020
191 10 1910
205 10 2050
178 10 1780
237 10 2370
187 10 1870
197 10 1970
238 10 2380
217 10 2170
214 10 2140
189 10 1890
167 10 1670
176 10 1760
239 10 2390
244 10 2440
220 10 2200
206 10 2060
241 10 2410
221 10 2210
193 10 1930
242 10 2420
216 10 2160
235 10 2350
209 10 2090
243 10 2430
208 10 2080
254 10 2540
240 10 2400
253 10 2530
246 10 2460
248 10 2480
255 10 2550
249 10 2490
251 10 2510
236 10 2360
257 10 2570
252 10 2520
256 10 2560
247 10 2470
266 10 2660
260 10 2600
250 10 2500
258 10 2580
265 10 2650
259 10 2590
262 10 2620
270 10 2700
263 10 2630
264 10 2640
268 10 2680
271 10 2710
245 10 2450
261 10 2610
280 10 2800
269 10 2690
314 10 3140
272 10 2720
285 10 2850
274 10 2740
319 10 3190
282 10 2820
291 10 2910
299 10 2990
349 10 3490
289 10 2890
276 10 2760
302 10 3020
350 10 3500
298 10 2980
279 10 2790
325 10 3250
277 10 2770
275 10 2750
321 10 3210
294 10 2940
322 10 3220
304 10 3040
318 10 3180
306 10 3060
293 10 2930
356 10 3560
311 10 3110
309 10 3090
288 10 2880
296 10 2960
307 10 3070
320 10 3200
292 10 2920
300 10 3000
342 10 3420
303 10 3030
310 10 3100
341 10 3410
305 10 3050
273 10 2730
336 10 3360
267 10 2670
297 10 2970
335 10 3350
295 10 2950
312 10 3120
278 10 2780
308 10 3080
290 10 2900
333 10 3330
334 10 3340
324 10 3240
286 10 2860
284 10 2840
301 10 3010
287 10 2870
345 10 3450
281 10 2810
327 10 3270
313 10 3130
354 10 3540
316 10 3160
329 10 3290
283 10 2830
331 10 3310
352 10 3520
326 10 3260
346 10 3460
328 10 3280
351 10 3510
343 10 3430
315 10 3150
330 10 3300
344 10 3440
317 10 3170
337 10 3370
347 10 3470
353 10 3530
339 10 3390
332 10 3320
323 10 3230
357 10 3570
338 10 3380
348 10 3480
340 10 3400
358 10 3580
366 10 3660
359 10 3590
360 10 3600
361 10 3610
368 10 3680
362 10 3620
363 10 3630
371 10 3710
364 10 3640
367 10 3670
369 10 3690
365 10 3650
355 10 3550
393 10 3930
382 10 3820
394 10 3940
384 10 3840
396 10 3960
400 10 4000
390 10 3900
402 10 4020
385 10 3850
392 10 3920
403 10 4030
386 10 3860
410 10 4100
388 10 3880
383 10 3830
411 10 4110
401 10 4010
391 10 3910
387 10 3870
412 10 4120
395 10 3950
389 10 3890
380 10 3800
414 10 4140
399 10 3990
398 10 3980
415 10 4150
379 10 3790
397 10 3970
378 10 3780
418 10 4180
370 10 3700
433 10 4330
421 10 4210
405 10 4050
434 10 4340
422 10 4220
407 10 4070
435 10 4350
423 10 4230
436 10 4360
374 10 3740
424 10 4240
381 10 3810
373 10 3730
437 10 4370
376 10 3760
408 10 4080
473 10 4730
438 10 4380
375 10 3750
478 10 4780
439 10 4390
409 10 4090
377 10 3770
493 10 4930
440 10 4400
417 10 4170
428 10 4280
474 10 4740
441 10 4410
430 10 4300
491 10 4910
442 10 4420
426 10 4260
427 10 4270
443 10 4430
445 10 4450
467 10 4670
416 10 4160
453 10 4530
469 10 4690
447 10 4470
404 10 4040
454 10 4540
449 10 4490
477 10 4770
406 10 4060
455 10 4550
490 10 4900
451 10 4510
419 10 4190
456 10 4560
452 10 4520
500 10 5000
420 10 4200
413 10 4130
446 10 4460
471 10 4710
372 10 3720
457 10 4570
431 10 4310
496 10 4960
458 10 4580
468 10 4680
448 10 4480
459 10 4590
425 10 4250
470 10 4700
460 10 4600
450 10 4500
465 10 4650
432 10 4320
429 10 4290
488 10 4880
489 10 4890
481 10 4810
501 10 5010
509 10 5090
483 10 4830
497 10 4970
510 10 5100
485 10 4850
475 10 4750
486 10 4860
480 10 4800
494 10 4940
495 10 4950
472 10 4720
499 10 4990
502 10 5020
476 10 4760
487 10 4870
503 10 5030
505 10 5050
482 10 4820
479 10 4790
513 10 5130
484 10 4840
506 10 5060
498 10 4980
444 10 4440
466 10 4660
504 10 5040
464 10 4640
511 10 5110
507 10 5070
463 10 4630
508 10 5080
515 10 5150
492 10 4920
567 10 5670
519 10 5190
529 10 5290
521 10 5210
531 10 5310
523 10 5230
692 0 0
712 0 0
629 0 0
628 10 6280
654 0 0
717 0 0
630 0 0
646 0 0
601 10 6010
524 10 5240
572 10 5720
526 10 5260
652 0 0
517 10 5170
525 10 5250
573 10 5730
527 10 5270
599 10 5990
530 10 5300
539 10 5390
574 10 5740
650 0 0
602 10 6020
600 10 6000
532 10 5320
540 10 5400
575 10 5750
533 10 5330
536 10 5360
722 0 0
631 0 0
522 10 5220
576 10 5760
534 10 5340
537 10 5370
520 10 5200
571 10 5710
535 10 5350
577 10 5770
551 10 5510
634 0 0
542 10 5420
566 10 5660
516 10 5160
578 10 5780
552 10 5520
543 10 5430
512 10 5120
580 10 5800
648 0 0
544 10 5440
570 10 5700
545 10 5450
579 10 5790
632 0 0
603 10 6030
555 10 5550
569 10 5690
538 10 5380
597 10 5970
546 10 5460
556 10 5560
605 10 6050
568 10 5680
581 10 5810
547 10 5470
635 0 0
557 10 5570
644 0 0
558 10 5580
633 0 0
549 10 5490
656 0 0
595 10 5950
636 0 0
461 10 4610
641 0 0
647 0 0
637 0 0
642 0 0
768 0 0
638 0 0
783 0 0
773 0 0
639 0 0
784 0 0
604 10 6040
751 0 0
785 0 0
777 0 0
753 0 0
758 0 0
772 0 0
762 0 0
759 0 0
776 0 0
764 0 0
728 0 0
779 0 0
775 0 0
733 0 0
774 0 0
729 0 0
559 10 5590
780 0 0
550 10 5500
560 10 5600
660 0 0
564 10 5640
582 10 5820
606 10 6060
662 0 0
608 10 6080
561 10 5610
742 0 0
670 0 0
653 0 0
612 10 6120
562 10 5620
674 0 0
664 0 0
613 10 6130
565 10 5650
677 0 0
667 0 0
614 10 6140
583 10 5830
681 0 0
651 0 0
657 0 0
770 0 0
585 10 5850
589 10 5890
685 0 0
736 0 0
649 0 0
584 10 5840
743 0 0
586 10 5860
672 0 0
590 10 5900
673 0 0
665 0 0
619 10 6190
609 10 6090
675 0 0
689 0 0
738 0 0
588 10 5880
610 10 6100
766 0 0
518 10 5180
676 0 0
778 0 0
655 0 0
611 10 6110
462 10 4620
679 0 0
658 0 0
514 10 5140
615 10 6150
563 10 5630
740 0 0
680 0 0
659 0 0
554 10 5540
767 0 0
616 10 6160
671 0 0
661 0 0
769 0 0
591 10 5910
617 10 6170
687 0 0
663 0 0
548 10 5480
623 10 6230
553 10 5530
744 0 0
683 0 0
669 0 0
750 0 0
593 10 5930
592 10 5920
688 0 0
678 0 0
620 10 6200
624 10 6240
682 0 0
594 10 5940
668 0 0
739 0 0
625 10 6250
763 0 0
528 10 5280
686 0 0
621 10 6210
645 0 0
618 10 6180
666 0 0
622 10 6220
705 0 0
626 10 6260
541 10 5410
684 0 0
754 0 0
741 0 0
747 0 0
598 10 5980
596 10 5960
640 0 0
737 0 0
721 0 0
707 0 0
690 0 0
691 0 0
587 10 5870
627 10 6270
731 0 0
786 0 0
871 0 0
746 0 0
761 0 0
825 0 0
877 0 0
787 0 0
827 0 0
874 0 0
752 0 0
829 0 0
878 0 0
756 0 0
828 0 0
907 0 0
788 0 0
845 0 0
730 0 0
915 0 0
850 0 0
914 0 0
830 0 0
735 0 0
951 0 0
873 0 0
851 0 0
749 0 0
950 0 0
870 0 0
872 0 0
745 0 0
949 0 0
912 0 0
876 0 0
974 0 0
916 0 0
849 0 0
989 0 0
843 0 0
948 0 0
854 0 0
984 0 0
846 0 0
947 0 0
875 0 0
919 0 0
848 0 0
760 0 0
887 0 0
946 0 0
853 0 0
855 0 0
926 0 0
844 0 0
945 0 0
607 10 6070
789 0 0
895 0 0
781 0 0
831 0 0
732 0 0
842 0 0
782 0 0
913 0 0
802 0 0
852 0 0
832 0 0
897 0 0
934 0 0
847 0 0
643 0 0
952 0 0
937 0 0
910 0 0
755 0 0
954 0 0
898 0 0
909 0 0
917 0 0
962 0 0
956 0 0
963 0 0
908 0 0
693 0 0
958 0 0
856 0 0
694 0 0
960 0 0
961 0 0
698 0 0
700 0 0
970 0 0
965 0 0
695 0 0
972 0 0
967 0 0
702 0 0
879 0 0
703 0 0
981 0 0
696 0 0
973 0 0
983 0 0
790 0 0
824 0 0
959 0 0
986 0 0
791 0 0
823 0 0
969 0 0
988 0 0
820 0 0
964 0 0
971 0 0
793 0 0
819 0 0
985 0 0
918 0 0
794 0 0
757 0 0
818 0 0
966 0 0
795 0 0
975 0 0
816 0 0
953 0 0
796 0 0
977 0 0
815 0 0
968 0 0
979 0 0
798 0 0
996 0 0
814 0 0
880 0 0
813 0 0
797 0 0
987 0 0
991 0 0
812 0 0
833 0 0
993 0 0
811 0 0
701 0 0
997 0 0
995 0 0
697 0 0
792 0 0
727 0 0
834 0 0
978 0 0
726 0 0
708 0 0
998 0 0
994 0 0
699 0 0
720 0 0
882 0 0
990 0 0
709 0 0
859 0 0
976 0 0
719 0 0
711 0 0
920 0 0
980 0 0
710 0 0
718 0 0
883 0 0
992 0 0
704 0 0
999 0 0
881 0 0
860 0 0
863 0 0
836 0 0
921 0 0
858 0 0
840 0 0
765 0 0
982 0 0
839 0 0
955 0 0
884 0 0
838 0 0
826 0 0
885 0 0
922 0 0
822 0 0
861 0 0
800 0 0
923 0 0
821 0 0
886 0 0
835 0 0
734 0 0
803 0 0
817 0 0
862 0 0
924 0 0
801 0 0
810 0 0
857 0 0
925 0 0
809 0 0
804 0 0
889 0 0
864 0 0
808 0 0
890 0 0
927 0 0
1000 0 0
706 0 0
807 0 0
865 0 0
799 0 0
837 0 0
891 0 0
771 0 0
841 0 0
957 0 0
713 0 0
867 0 0
748 0 0
806 0 0
866 0 0
892 0 0
725 0 0
714 0 0
928 0 0
724 0 0
931 0 0
805 0 0
929 0 0
723 0 0
715 0 0
869 0 0
716 0 0
930 0 0
900 0 0
932 0 0
893 0 0
888 0 0
894 0 0
935 0 0
940 0 0
933 0 0
896 0 0
936 0 0
942 0 0
911 0 0
901 0 0
904 0 0
903 0 0
941 0 0
939 0 0
868 0 0
899 0 0
938 0 0
905 0 0
902 0 0
943 0 0
944 0 0
906 0 0
